1	0	0	
2	1	0	
3	2	0	
4	3	0	
5	4	0	
6	5	0	
7	6	0	
8	7	0	
9	8	0	
10	9	0	
11	10	0	
12	11	0	
13	12	0	
14	13	0	
15	14	0	
16	15	0	
17	16	0	
18	17	0	
19	18	0	
20	19	0	
21	20	0	
22	21	0	
23	22	0	
24	23	0	
25	24	0	
26	25	0	
27	26	0	
28	27	0	
29	28	0	
30	29	0	
31	30	0	
32	31	0	
33	32	0	
34	33	0	
35	34	0	
36	35	0	
37	36	0	
38	37	0	
39	38	0	
40	39	0	
41	40	0	
42	41	0	
43	42	0	
44	43	0	
45	44	0	
46	45	0	
47	46	0	
48	47	0	
49	48	0	
50	49	0	
51	50	0	
52	0	1	
53	1	1	
54	2	1	
55	3	1	
56	4	1	
57	5	1	
58	6	1	
59	7	1	
60	8	1	
61	9	1	
62	10	1	
63	11	1	
64	12	1	
65	13	1	
66	14	1	
67	15	1	
68	16	1	
69	17	1	
70	18	1	
71	19	1	
72	20	1	
73	21	1	
74	22	1	
75	23	1	
76	24	1	
77	25	1	
78	26	1	
79	27	1	
80	28	1	
81	29	1	
82	30	1	
83	31	1	
84	32	1	
85	33	1	
86	34	1	
87	35	1	
88	36	1	
89	37	1	
90	38	1	
91	39	1	
92	40	1	
93	41	1	
94	42	1	
95	43	1	
96	44	1	
97	45	1	
98	46	1	
99	47	1	
100	48	1	
101	49	1	
102	50	1	
103	0	2	
104	1	2	
105	2	2	
106	3	2	
107	4	2	
108	5	2	
109	6	2	
110	7	2	
111	8	2	
112	9	2	
113	10	2	
114	11	2	
115	12	2	
116	13	2	
117	14	2	
118	15	2	
119	16	2	
120	17	2	
121	18	2	
122	19	2	
123	20	2	
124	21	2	
125	22	2	
126	23	2	
127	24	2	
128	25	2	
129	26	2	
130	27	2	
131	28	2	
132	29	2	
133	30	2	
134	31	2	
135	32	2	
136	33	2	
137	34	2	
138	35	2	
139	36	2	
140	37	2	
141	38	2	
142	39	2	
143	40	2	
144	41	2	
145	42	2	
146	43	2	
147	44	2	
148	45	2	
149	46	2	
150	47	2	
151	48	2	
152	49	2	
153	50	2	
154	0	3	
155	1	3	
156	2	3	
157	3	3	
158	4	3	
159	5	3	
160	6	3	
161	7	3	
162	8	3	
163	9	3	
164	10	3	
165	11	3	
166	12	3	
167	13	3	
168	14	3	
169	15	3	
170	16	3	
171	17	3	
172	18	3	
173	19	3	
174	20	3	
175	21	3	
176	22	3	
177	23	3	
178	24	3	
179	25	3	
180	26	3	
181	27	3	
182	28	3	
183	29	3	
184	30	3	
185	31	3	
186	32	3	
187	33	3	
188	34	3	
189	35	3	
190	36	3	
191	37	3	
192	38	3	
193	39	3	
194	40	3	
195	41	3	
196	42	3	
197	43	3	
198	44	3	
199	45	3	
200	46	3	
201	47	3	
202	48	3	
203	49	3	
204	50	3	
205	0	4	
206	1	4	
207	2	4	
208	3	4	
209	4	4	
210	5	4	
211	6	4	
212	7	4	
213	8	4	
214	9	4	
215	10	4	
216	11	4	
217	12	4	
218	13	4	
219	14	4	
220	15	4	
221	16	4	
222	17	4	
223	18	4	
224	19	4	
225	20	4	
226	21	4	
227	22	4	
228	23	4	
229	24	4	
230	25	4	
231	26	4	
232	27	4	
233	28	4	
234	29	4	
235	30	4	
236	31	4	
237	32	4	
238	33	4	
239	34	4	
240	35	4	
241	36	4	
242	37	4	
243	38	4	
244	39	4	
245	40	4	
246	41	4	
247	42	4	
248	43	4	
249	44	4	
250	45	4	
251	46	4	
252	47	4	
253	48	4	
254	49	4	
255	50	4	
256	0	5	
257	1	5	
258	2	5	
259	3	5	
260	4	5	
261	5	5	
262	6	5	
263	7	5	
264	8	5	
265	9	5	
266	10	5	
267	11	5	
268	12	5	
269	13	5	
270	14	5	
271	15	5	
272	16	5	
273	17	5	
274	18	5	
275	19	5	
276	20	5	
277	21	5	
278	22	5	
279	23	5	
280	24	5	
281	25	5	
282	26	5	
283	27	5	
284	28	5	
285	29	5	
286	30	5	
287	31	5	
288	32	5	
289	33	5	
290	34	5	
291	35	5	
292	36	5	
293	37	5	
294	38	5	
295	39	5	
296	40	5	
297	41	5	
298	42	5	
299	43	5	
300	44	5	
301	45	5	
302	46	5	
303	47	5	
304	48	5	
305	49	5	
306	50	5	
307	0	6	
308	1	6	
309	2	6	
310	3	6	
311	4	6	
312	5	6	
313	6	6	
314	7	6	
315	8	6	
316	9	6	
317	10	6	
318	11	6	
319	12	6	
320	13	6	
321	14	6	
322	15	6	
323	16	6	
324	17	6	
325	18	6	
326	19	6	
327	20	6	
328	21	6	
329	22	6	
330	23	6	
331	24	6	
332	25	6	
333	26	6	
334	27	6	
335	28	6	
336	29	6	
337	30	6	
338	31	6	
339	32	6	
340	33	6	
341	34	6	
342	35	6	
343	36	6	
344	37	6	
345	38	6	
346	39	6	
347	40	6	
348	41	6	
349	42	6	
350	43	6	
351	44	6	
352	45	6	
353	46	6	
354	47	6	
355	48	6	
356	49	6	
357	50	6	
358	0	7	
359	1	7	
360	2	7	
361	3	7	
362	4	7	
363	5	7	
364	6	7	
365	7	7	
366	8	7	
367	9	7	
368	10	7	
369	11	7	
370	12	7	
371	13	7	
372	14	7	
373	15	7	
374	16	7	
375	17	7	
376	18	7	
377	19	7	
378	20	7	
379	21	7	
380	22	7	
381	23	7	
382	24	7	
383	25	7	
384	26	7	
385	27	7	
386	28	7	
387	29	7	
388	30	7	
389	31	7	
390	32	7	
391	33	7	
392	34	7	
393	35	7	
394	36	7	
395	37	7	
396	38	7	
397	39	7	
398	40	7	
399	41	7	
400	42	7	
401	43	7	
402	44	7	
403	45	7	
404	46	7	
405	47	7	
406	48	7	
407	49	7	
408	50	7	
409	0	8	
410	1	8	
411	2	8	
412	3	8	
413	4	8	
414	5	8	
415	6	8	
416	7	8	
417	8	8	
418	9	8	
419	10	8	
420	11	8	
421	12	8	
422	13	8	
423	14	8	
424	15	8	
425	16	8	
426	17	8	
427	18	8	
428	19	8	
429	20	8	
430	21	8	
431	22	8	
432	23	8	
433	24	8	
434	25	8	
435	26	8	
436	27	8	
437	28	8	
438	29	8	
439	30	8	
440	31	8	
441	32	8	
442	33	8	
443	34	8	
444	35	8	
445	36	8	
446	37	8	
447	38	8	
448	39	8	
449	40	8	
450	41	8	
451	42	8	
452	43	8	
453	44	8	
454	45	8	
455	46	8	
456	47	8	
457	48	8	
458	49	8	
459	50	8	
460	0	9	
461	1	9	
462	2	9	
463	3	9	
464	4	9	
465	5	9	
466	6	9	
467	7	9	
468	8	9	
469	9	9	
470	10	9	
471	11	9	
472	12	9	
473	13	9	
474	14	9	
475	15	9	
476	16	9	
477	17	9	
478	18	9	
479	19	9	
480	20	9	
481	21	9	
482	22	9	
483	23	9	
484	24	9	
485	25	9	
486	26	9	
487	27	9	
488	28	9	
489	29	9	
490	30	9	
491	31	9	
492	32	9	
493	33	9	
494	34	9	
495	35	9	
496	36	9	
497	37	9	
498	38	9	
499	39	9	
500	40	9	
501	41	9	
502	42	9	
503	43	9	
504	44	9	
505	45	9	
506	46	9	
507	47	9	
508	48	9	
509	49	9	
510	50	9	
511	0	10	
512	1	10	
513	2	10	
514	3	10	
515	4	10	
516	5	10	
517	6	10	
518	7	10	
519	8	10	
520	9	10	
521	10	10	
522	11	10	
523	12	10	
524	13	10	
525	14	10	
526	15	10	
527	16	10	
528	17	10	
529	18	10	
530	19	10	
531	20	10	
532	21	10	
533	22	10	
534	23	10	
535	24	10	
536	25	10	
537	26	10	
538	27	10	
539	28	10	
540	29	10	
541	30	10	
542	31	10	
543	32	10	
544	33	10	
545	34	10	
546	35	10	
547	36	10	
548	37	10	
549	38	10	
550	39	10	
551	40	10	
552	41	10	
553	42	10	
554	43	10	
555	44	10	
556	45	10	
557	46	10	
558	47	10	
559	48	10	
560	49	10	
561	50	10	
562	0	11	
563	1	11	
564	2	11	
565	3	11	
566	4	11	
567	5	11	
568	6	11	
569	7	11	
570	8	11	
571	9	11	
572	10	11	
573	11	11	
574	12	11	
575	13	11	
576	14	11	
577	15	11	
578	16	11	
579	17	11	
580	18	11	
581	19	11	
582	20	11	
583	21	11	
584	22	11	
585	23	11	
586	24	11	
587	25	11	
588	26	11	
589	27	11	
590	28	11	
591	29	11	
592	30	11	
593	31	11	
594	32	11	
595	33	11	
596	34	11	
597	35	11	
598	36	11	
599	37	11	
600	38	11	
601	39	11	
602	40	11	
603	41	11	
604	42	11	
605	43	11	
606	44	11	
607	45	11	
608	46	11	
609	47	11	
610	48	11	
611	49	11	
612	50	11	
613	0	12	
614	1	12	
615	2	12	
616	3	12	
617	4	12	
618	5	12	
619	6	12	
620	7	12	
621	8	12	
622	9	12	
623	10	12	
624	11	12	
625	12	12	
626	13	12	
627	14	12	
628	15	12	
629	16	12	
630	17	12	
631	18	12	
632	19	12	
633	20	12	
634	21	12	
635	22	12	
636	23	12	
637	24	12	
638	25	12	
639	26	12	
640	27	12	
641	28	12	
642	29	12	
643	30	12	
644	31	12	
645	32	12	
646	33	12	
647	34	12	
648	35	12	
649	36	12	
650	37	12	
651	38	12	
652	39	12	
653	40	12	
654	41	12	
655	42	12	
656	43	12	
657	44	12	
658	45	12	
659	46	12	
660	47	12	
661	48	12	
662	49	12	
663	50	12	
664	0	13	
665	1	13	
666	2	13	
667	3	13	
668	4	13	
669	5	13	
670	6	13	
671	7	13	
672	8	13	
673	9	13	
674	10	13	
675	11	13	
676	12	13	
677	13	13	
678	14	13	
679	15	13	
680	16	13	
681	17	13	
682	18	13	
683	19	13	
684	20	13	
685	21	13	
686	22	13	
687	23	13	
688	24	13	
689	25	13	
690	26	13	
691	27	13	
692	28	13	
693	29	13	
694	30	13	
695	31	13	
696	32	13	
697	33	13	
698	34	13	
699	35	13	
700	36	13	
701	37	13	
702	38	13	
703	39	13	
704	40	13	
705	41	13	
706	42	13	
707	43	13	
708	44	13	
709	45	13	
710	46	13	
711	47	13	
712	48	13	
713	49	13	
714	50	13	
715	0	14	
716	1	14	
717	2	14	
718	3	14	
719	4	14	
720	5	14	
721	6	14	
722	7	14	
723	8	14	
724	9	14	
725	10	14	
726	11	14	
727	12	14	
728	13	14	
729	14	14	
730	15	14	
731	16	14	
732	17	14	
733	18	14	
734	19	14	
735	20	14	
736	21	14	
737	22	14	
738	23	14	
739	24	14	
740	25	14	
741	26	14	
742	27	14	
743	28	14	
744	29	14	
745	30	14	
746	31	14	
747	32	14	
748	33	14	
749	34	14	
750	35	14	
751	36	14	
752	37	14	
753	38	14	
754	39	14	
755	40	14	
756	41	14	
757	42	14	
758	43	14	
759	44	14	
760	45	14	
761	46	14	
762	47	14	
763	48	14	
764	49	14	
765	50	14	
766	0	15	
767	1	15	
768	2	15	
769	3	15	
770	4	15	
771	5	15	
772	6	15	
773	7	15	
774	8	15	
775	9	15	
776	10	15	
777	11	15	
778	12	15	
779	13	15	
780	14	15	
781	15	15	
782	16	15	
783	17	15	
784	18	15	
785	19	15	
786	20	15	
787	21	15	
788	22	15	
789	23	15	
790	24	15	
791	25	15	
792	26	15	
793	27	15	
794	28	15	
795	29	15	
796	30	15	
797	31	15	
798	32	15	
799	33	15	
800	34	15	
801	35	15	
802	36	15	
803	37	15	
804	38	15	
805	39	15	
806	40	15	
807	41	15	
808	42	15	
809	43	15	
810	44	15	
811	45	15	
812	46	15	
813	47	15	
814	48	15	
815	49	15	
816	50	15	
817	0	16	
818	1	16	
819	2	16	
820	3	16	
821	4	16	
822	5	16	
823	6	16	
824	7	16	
825	8	16	
826	9	16	
827	10	16	
828	11	16	
829	12	16	
830	13	16	
831	14	16	
832	15	16	
833	16	16	
834	17	16	
835	18	16	
836	19	16	
837	20	16	
838	21	16	
839	22	16	
840	23	16	
841	24	16	
842	25	16	
843	26	16	
844	27	16	
845	28	16	
846	29	16	
847	30	16	
848	31	16	
849	32	16	
850	33	16	
851	34	16	
852	35	16	
853	36	16	
854	37	16	
855	38	16	
856	39	16	
857	40	16	
858	41	16	
859	42	16	
860	43	16	
861	44	16	
862	45	16	
863	46	16	
864	47	16	
865	48	16	
866	49	16	
867	50	16	
868	0	17	
869	1	17	
870	2	17	
871	3	17	
872	4	17	
873	5	17	
874	6	17	
875	7	17	
876	8	17	
877	9	17	
878	10	17	
879	11	17	
880	12	17	
881	13	17	
882	14	17	
883	15	17	
884	16	17	
885	17	17	
886	18	17	
887	19	17	
888	20	17	
889	21	17	
890	22	17	
891	23	17	
892	24	17	
893	25	17	
894	26	17	
895	27	17	
896	28	17	
897	29	17	
898	30	17	
899	31	17	
900	32	17	
901	33	17	
902	34	17	
903	35	17	
904	36	17	
905	37	17	
906	38	17	
907	39	17	
908	40	17	
909	41	17	
910	42	17	
911	43	17	
912	44	17	
913	45	17	
914	46	17	
915	47	17	
916	48	17	
917	49	17	
918	50	17	
919	0	18	
920	1	18	
921	2	18	
922	3	18	
923	4	18	
924	5	18	
925	6	18	
926	7	18	
927	8	18	
928	9	18	
929	10	18	
930	11	18	
931	12	18	
932	13	18	
933	14	18	
934	15	18	
935	16	18	
936	17	18	
937	18	18	
938	19	18	
939	20	18	
940	21	18	
941	22	18	
942	23	18	
943	24	18	
944	25	18	
945	26	18	
946	27	18	
947	28	18	
948	29	18	
949	30	18	
950	31	18	
951	32	18	
952	33	18	
953	34	18	
954	35	18	
955	36	18	
956	37	18	
957	38	18	
958	39	18	
959	40	18	
960	41	18	
961	42	18	
962	43	18	
963	44	18	
964	45	18	
965	46	18	
966	47	18	
967	48	18	
968	49	18	
969	50	18	
970	0	19	
971	1	19	
972	2	19	
973	3	19	
974	4	19	
975	5	19	
976	6	19	
977	7	19	
978	8	19	
979	9	19	
980	10	19	
981	11	19	
982	12	19	
983	13	19	
984	14	19	
985	15	19	
986	16	19	
987	17	19	
988	18	19	
989	19	19	
990	20	19	
991	21	19	
992	22	19	
993	23	19	
994	24	19	
995	25	19	
996	26	19	
997	27	19	
998	28	19	
999	29	19	
1000	30	19	
1001	31	19	
1002	32	19	
1003	33	19	
1004	34	19	
1005	35	19	
1006	36	19	
1007	37	19	
1008	38	19	
1009	39	19	
1010	40	19	
1011	41	19	
1012	42	19	
1013	43	19	
1014	44	19	
1015	45	19	
1016	46	19	
1017	47	19	
1018	48	19	
1019	49	19	
1020	50	19	
1021	0	20	
1022	1	20	
1023	2	20	
1024	3	20	
1025	4	20	
1026	5	20	
1027	6	20	
1028	7	20	
1029	8	20	
1030	9	20	
1031	10	20	
1032	11	20	
1033	12	20	
1034	13	20	
1035	14	20	
1036	15	20	
1037	16	20	
1038	17	20	
1039	18	20	
1040	19	20	
1041	20	20	
1042	21	20	
1043	22	20	
1044	23	20	
1045	24	20	
1046	25	20	
1047	26	20	
1048	27	20	
1049	28	20	
1050	29	20	
1051	30	20	
1052	31	20	
1053	32	20	
1054	33	20	
1055	34	20	
1056	35	20	
1057	36	20	
1058	37	20	
1059	38	20	
1060	39	20	
1061	40	20	
1062	41	20	
1063	42	20	
1064	43	20	
1065	44	20	
1066	45	20	
1067	46	20	
1068	47	20	
1069	48	20	
1070	49	20	
1071	50	20	
1072	0	21	
1073	1	21	
1074	2	21	
1075	3	21	
1076	4	21	
1077	5	21	
1078	6	21	
1079	7	21	
1080	8	21	
1081	9	21	
1082	10	21	
1083	11	21	
1084	12	21	
1085	13	21	
1086	14	21	
1087	15	21	
1088	16	21	
1089	17	21	
1090	18	21	
1091	19	21	
1092	20	21	
1093	21	21	
1094	22	21	
1095	23	21	
1096	24	21	
1097	25	21	
1098	26	21	
1099	27	21	
1100	28	21	
1101	29	21	
1102	30	21	
1103	31	21	
1104	32	21	
1105	33	21	
1106	34	21	
1107	35	21	
1108	36	21	
1109	37	21	
1110	38	21	
1111	39	21	
1112	40	21	
1113	41	21	
1114	42	21	
1115	43	21	
1116	44	21	
1117	45	21	
1118	46	21	
1119	47	21	
1120	48	21	
1121	49	21	
1122	50	21	
1123	0	22	
1124	1	22	
1125	2	22	
1126	3	22	
1127	4	22	
1128	5	22	
1129	6	22	
1130	7	22	
1131	8	22	
1132	9	22	
1133	10	22	
1134	11	22	
1135	12	22	
1136	13	22	
1137	14	22	
1138	15	22	
1139	16	22	
1140	17	22	
1141	18	22	
1142	19	22	
1143	20	22	
1144	21	22	
1145	22	22	
1146	23	22	
1147	24	22	
1148	25	22	
1149	26	22	
1150	27	22	
1151	28	22	
1152	29	22	
1153	30	22	
1154	31	22	
1155	32	22	
1156	33	22	
1157	34	22	
1158	35	22	
1159	36	22	
1160	37	22	
1161	38	22	
1162	39	22	
1163	40	22	
1164	41	22	
1165	42	22	
1166	43	22	
1167	44	22	
1168	45	22	
1169	46	22	
1170	47	22	
1171	48	22	
1172	49	22	
1173	50	22	
1174	0	23	
1175	1	23	
1176	2	23	
1177	3	23	
1178	4	23	
1179	5	23	
1180	6	23	
1181	7	23	
1182	8	23	
1183	9	23	
1184	10	23	
1185	11	23	
1186	12	23	
1187	13	23	
1188	14	23	
1189	15	23	
1190	16	23	
1191	17	23	
1192	18	23	
1193	19	23	
1194	20	23	
1195	21	23	
1196	22	23	
1197	23	23	
1198	24	23	
1199	25	23	
1200	26	23	
1201	27	23	
1202	28	23	
1203	29	23	
1204	30	23	
1205	31	23	
1206	32	23	
1207	33	23	
1208	34	23	
1209	35	23	
1210	36	23	
1211	37	23	
1212	38	23	
1213	39	23	
1214	40	23	
1215	41	23	
1216	42	23	
1217	43	23	
1218	44	23	
1219	45	23	
1220	46	23	
1221	47	23	
1222	48	23	
1223	49	23	
1224	50	23	
1225	0	24	
1226	1	24	
1227	2	24	
1228	3	24	
1229	4	24	
1230	5	24	
1231	6	24	
1232	7	24	
1233	8	24	
1234	9	24	
1235	10	24	
1236	11	24	
1237	12	24	
1238	13	24	
1239	14	24	
1240	15	24	
1241	16	24	
1242	17	24	
1243	18	24	
1244	19	24	
1245	20	24	
1246	21	24	
1247	22	24	
1248	23	24	
1249	24	24	
1250	25	24	
1251	26	24	
1252	27	24	
1253	28	24	
1254	29	24	
1255	30	24	
1256	31	24	
1257	32	24	
1258	33	24	
1259	34	24	
1260	35	24	
1261	36	24	
1262	37	24	
1263	38	24	
1264	39	24	
1265	40	24	
1266	41	24	
1267	42	24	
1268	43	24	
1269	44	24	
1270	45	24	
1271	46	24	
1272	47	24	
1273	48	24	
1274	49	24	
1275	50	24	
1276	0	25	
1277	1	25	
1278	2	25	
1279	3	25	
1280	4	25	
1281	5	25	
1282	6	25	
1283	7	25	
1284	8	25	
1285	9	25	
1286	10	25	
1287	11	25	
1288	12	25	
1289	13	25	
1290	14	25	
1291	15	25	
1292	16	25	
1293	17	25	
1294	18	25	
1295	19	25	
1296	20	25	
1297	21	25	
1298	22	25	
1299	23	25	
1300	24	25	
1301	25	25	
1302	26	25	
1303	27	25	
1304	28	25	
1305	29	25	
1306	30	25	
1307	31	25	
1308	32	25	
1309	33	25	
1310	34	25	
1311	35	25	
1312	36	25	
1313	37	25	
1314	38	25	
1315	39	25	
1316	40	25	
1317	41	25	
1318	42	25	
1319	43	25	
1320	44	25	
1321	45	25	
1322	46	25	
1323	47	25	
1324	48	25	
1325	49	25	
1326	50	25	
1327	0	26	
1328	1	26	
1329	2	26	
1330	3	26	
1331	4	26	
1332	5	26	
1333	6	26	
1334	7	26	
1335	8	26	
1336	9	26	
1337	10	26	
1338	11	26	
1339	12	26	
1340	13	26	
1341	14	26	
1342	15	26	
1343	16	26	
1344	17	26	
1345	18	26	
1346	19	26	
1347	20	26	
1348	21	26	
1349	22	26	
1350	23	26	
1351	24	26	
1352	25	26	
1353	26	26	
1354	27	26	
1355	28	26	
1356	29	26	
1357	30	26	
1358	31	26	
1359	32	26	
1360	33	26	
1361	34	26	
1362	35	26	
1363	36	26	
1364	37	26	
1365	38	26	
1366	39	26	
1367	40	26	
1368	41	26	
1369	42	26	
1370	43	26	
1371	44	26	
1372	45	26	
1373	46	26	
1374	47	26	
1375	48	26	
1376	49	26	
1377	50	26	
1378	0	27	
1379	1	27	
1380	2	27	
1381	3	27	
1382	4	27	
1383	5	27	
1384	6	27	
1385	7	27	
1386	8	27	
1387	9	27	
1388	10	27	
1389	11	27	
1390	12	27	
1391	13	27	
1392	14	27	
1393	15	27	
1394	16	27	
1395	17	27	
1396	18	27	
1397	19	27	
1398	20	27	
1399	21	27	
1400	22	27	
1401	23	27	
1402	24	27	
1403	25	27	
1404	26	27	
1405	27	27	
1406	28	27	
1407	29	27	
1408	30	27	
1409	31	27	
1410	32	27	
1411	33	27	
1412	34	27	
1413	35	27	
1414	36	27	
1415	37	27	
1416	38	27	
1417	39	27	
1418	40	27	
1419	41	27	
1420	42	27	
1421	43	27	
1422	44	27	
1423	45	27	
1424	46	27	
1425	47	27	
1426	48	27	
1427	49	27	
1428	50	27	
1429	0	28	
1430	1	28	
1431	2	28	
1432	3	28	
1433	4	28	
1434	5	28	
1435	6	28	
1436	7	28	
1437	8	28	
1438	9	28	
1439	10	28	
1440	11	28	
1441	12	28	
1442	13	28	
1443	14	28	
1444	15	28	
1445	16	28	
1446	17	28	
1447	18	28	
1448	19	28	
1449	20	28	
1450	21	28	
1451	22	28	
1452	23	28	
1453	24	28	
1454	25	28	
1455	26	28	
1456	27	28	
1457	28	28	
1458	29	28	
1459	30	28	
1460	31	28	
1461	32	28	
1462	33	28	
1463	34	28	
1464	35	28	
1465	36	28	
1466	37	28	
1467	38	28	
1468	39	28	
1469	40	28	
1470	41	28	
1471	42	28	
1472	43	28	
1473	44	28	
1474	45	28	
1475	46	28	
1476	47	28	
1477	48	28	
1478	49	28	
1479	50	28	
1480	0	29	
1481	1	29	
1482	2	29	
1483	3	29	
1484	4	29	
1485	5	29	
1486	6	29	
1487	7	29	
1488	8	29	
1489	9	29	
1490	10	29	
1491	11	29	
1492	12	29	
1493	13	29	
1494	14	29	
1495	15	29	
1496	16	29	
1497	17	29	
1498	18	29	
1499	19	29	
1500	20	29	
1501	21	29	
1502	22	29	
1503	23	29	
1504	24	29	
1505	25	29	
1506	26	29	
1507	27	29	
1508	28	29	
1509	29	29	
1510	30	29	
1511	31	29	
1512	32	29	
1513	33	29	
1514	34	29	
1515	35	29	
1516	36	29	
1517	37	29	
1518	38	29	
1519	39	29	
1520	40	29	
1521	41	29	
1522	42	29	
1523	43	29	
1524	44	29	
1525	45	29	
1526	46	29	
1527	47	29	
1528	48	29	
1529	49	29	
1530	50	29	
1531	0	30	
1532	1	30	
1533	2	30	
1534	3	30	
1535	4	30	
1536	5	30	
1537	6	30	
1538	7	30	
1539	8	30	
1540	9	30	
1541	10	30	
1542	11	30	
1543	12	30	
1544	13	30	
1545	14	30	
1546	15	30	
1547	16	30	
1548	17	30	
1549	18	30	
1550	19	30	
1551	20	30	
1552	21	30	
1553	22	30	
1554	23	30	
1555	24	30	
1556	25	30	
1557	26	30	
1558	27	30	
1559	28	30	
1560	29	30	
1561	30	30	
1562	31	30	
1563	32	30	
1564	33	30	
1565	34	30	
1566	35	30	
1567	36	30	
1568	37	30	
1569	38	30	
1570	39	30	
1571	40	30	
1572	41	30	
1573	42	30	
1574	43	30	
1575	44	30	
1576	45	30	
1577	46	30	
1578	47	30	
1579	48	30	
1580	49	30	
1581	50	30	
1582	0	31	
1583	1	31	
1584	2	31	
1585	3	31	
1586	4	31	
1587	5	31	
1588	6	31	
1589	7	31	
1590	8	31	
1591	9	31	
1592	10	31	
1593	11	31	
1594	12	31	
1595	13	31	
1596	14	31	
1597	15	31	
1598	16	31	
1599	17	31	
1600	18	31	
1601	19	31	
1602	20	31	
1603	21	31	
1604	22	31	
1605	23	31	
1606	24	31	
1607	25	31	
1608	26	31	
1609	27	31	
1610	28	31	
1611	29	31	
1612	30	31	
1613	31	31	
1614	32	31	
1615	33	31	
1616	34	31	
1617	35	31	
1618	36	31	
1619	37	31	
1620	38	31	
1621	39	31	
1622	40	31	
1623	41	31	
1624	42	31	
1625	43	31	
1626	44	31	
1627	45	31	
1628	46	31	
1629	47	31	
1630	48	31	
1631	49	31	
1632	50	31	
1633	0	32	
1634	1	32	
1635	2	32	
1636	3	32	
1637	4	32	
1638	5	32	
1639	6	32	
1640	7	32	
1641	8	32	
1642	9	32	
1643	10	32	
1644	11	32	
1645	12	32	
1646	13	32	
1647	14	32	
1648	15	32	
1649	16	32	
1650	17	32	
1651	18	32	
1652	19	32	
1653	20	32	
1654	21	32	
1655	22	32	
1656	23	32	
1657	24	32	
1658	25	32	
1659	26	32	
1660	27	32	
1661	28	32	
1662	29	32	
1663	30	32	
1664	31	32	
1665	32	32	
1666	33	32	
1667	34	32	
1668	35	32	
1669	36	32	
1670	37	32	
1671	38	32	
1672	39	32	
1673	40	32	
1674	41	32	
1675	42	32	
1676	43	32	
1677	44	32	
1678	45	32	
1679	46	32	
1680	47	32	
1681	48	32	
1682	49	32	
1683	50	32	
1684	0	33	
1685	1	33	
1686	2	33	
1687	3	33	
1688	4	33	
1689	5	33	
1690	6	33	
1691	7	33	
1692	8	33	
1693	9	33	
1694	10	33	
1695	11	33	
1696	12	33	
1697	13	33	
1698	14	33	
1699	15	33	
1700	16	33	
1701	17	33	
1702	18	33	
1703	19	33	
1704	20	33	
1705	21	33	
1706	22	33	
1707	23	33	
1708	24	33	
1709	25	33	
1710	26	33	
1711	27	33	
1712	28	33	
1713	29	33	
1714	30	33	
1715	31	33	
1716	32	33	
1717	33	33	
1718	34	33	
1719	35	33	
1720	36	33	
1721	37	33	
1722	38	33	
1723	39	33	
1724	40	33	
1725	41	33	
1726	42	33	
1727	43	33	
1728	44	33	
1729	45	33	
1730	46	33	
1731	47	33	
1732	48	33	
1733	49	33	
1734	50	33	
1735	0	34	
1736	1	34	
1737	2	34	
1738	3	34	
1739	4	34	
1740	5	34	
1741	6	34	
1742	7	34	
1743	8	34	
1744	9	34	
1745	10	34	
1746	11	34	
1747	12	34	
1748	13	34	
1749	14	34	
1750	15	34	
1751	16	34	
1752	17	34	
1753	18	34	
1754	19	34	
1755	20	34	
1756	21	34	
1757	22	34	
1758	23	34	
1759	24	34	
1760	25	34	
1761	26	34	
1762	27	34	
1763	28	34	
1764	29	34	
1765	30	34	
1766	31	34	
1767	32	34	
1768	33	34	
1769	34	34	
1770	35	34	
1771	36	34	
1772	37	34	
1773	38	34	
1774	39	34	
1775	40	34	
1776	41	34	
1777	42	34	
1778	43	34	
1779	44	34	
1780	45	34	
1781	46	34	
1782	47	34	
1783	48	34	
1784	49	34	
1785	50	34	
1786	0	35	
1787	1	35	
1788	2	35	
1789	3	35	
1790	4	35	
1791	5	35	
1792	6	35	
1793	7	35	
1794	8	35	
1795	9	35	
1796	10	35	
1797	11	35	
1798	12	35	
1799	13	35	
1800	14	35	
1801	15	35	
1802	16	35	
1803	17	35	
1804	18	35	
1805	19	35	
1806	20	35	
1807	21	35	
1808	22	35	
1809	23	35	
1810	24	35	
1811	25	35	
1812	26	35	
1813	27	35	
1814	28	35	
1815	29	35	
1816	30	35	
1817	31	35	
1818	32	35	
1819	33	35	
1820	34	35	
1821	35	35	
1822	36	35	
1823	37	35	
1824	38	35	
1825	39	35	
1826	40	35	
1827	41	35	
1828	42	35	
1829	43	35	
1830	44	35	
1831	45	35	
1832	46	35	
1833	47	35	
1834	48	35	
1835	49	35	
1836	50	35	
1837	0	36	
1838	1	36	
1839	2	36	
1840	3	36	
1841	4	36	
1842	5	36	
1843	6	36	
1844	7	36	
1845	8	36	
1846	9	36	
1847	10	36	
1848	11	36	
1849	12	36	
1850	13	36	
1851	14	36	
1852	15	36	
1853	16	36	
1854	17	36	
1855	18	36	
1856	19	36	
1857	20	36	
1858	21	36	
1859	22	36	
1860	23	36	
1861	24	36	
1862	25	36	
1863	26	36	
1864	27	36	
1865	28	36	
1866	29	36	
1867	30	36	
1868	31	36	
1869	32	36	
1870	33	36	
1871	34	36	
1872	35	36	
1873	36	36	
1874	37	36	
1875	38	36	
1876	39	36	
1877	40	36	
1878	41	36	
1879	42	36	
1880	43	36	
1881	44	36	
1882	45	36	
1883	46	36	
1884	47	36	
1885	48	36	
1886	49	36	
1887	50	36	
1888	0	37	
1889	1	37	
1890	2	37	
1891	3	37	
1892	4	37	
1893	5	37	
1894	6	37	
1895	7	37	
1896	8	37	
1897	9	37	
1898	10	37	
1899	11	37	
1900	12	37	
1901	13	37	
1902	14	37	
1903	15	37	
1904	16	37	
1905	17	37	
1906	18	37	
1907	19	37	
1908	20	37	
1909	21	37	
1910	22	37	
1911	23	37	
1912	24	37	
1913	25	37	
1914	26	37	
1915	27	37	
1916	28	37	
1917	29	37	
1918	30	37	
1919	31	37	
1920	32	37	
1921	33	37	
1922	34	37	
1923	35	37	
1924	36	37	
1925	37	37	
1926	38	37	
1927	39	37	
1928	40	37	
1929	41	37	
1930	42	37	
1931	43	37	
1932	44	37	
1933	45	37	
1934	46	37	
1935	47	37	
1936	48	37	
1937	49	37	
1938	50	37	
1939	0	38	
1940	1	38	
1941	2	38	
1942	3	38	
1943	4	38	
1944	5	38	
1945	6	38	
1946	7	38	
1947	8	38	
1948	9	38	
1949	10	38	
1950	11	38	
1951	12	38	
1952	13	38	
1953	14	38	
1954	15	38	
1955	16	38	
1956	17	38	
1957	18	38	
1958	19	38	
1959	20	38	
1960	21	38	
1961	22	38	
1962	23	38	
1963	24	38	
1964	25	38	
1965	26	38	
1966	27	38	
1967	28	38	
1968	29	38	
1969	30	38	
1970	31	38	
1971	32	38	
1972	33	38	
1973	34	38	
1974	35	38	
1975	36	38	
1976	37	38	
1977	38	38	
1978	39	38	
1979	40	38	
1980	41	38	
1981	42	38	
1982	43	38	
1983	44	38	
1984	45	38	
1985	46	38	
1986	47	38	
1987	48	38	
1988	49	38	
1989	50	38	
1990	0	39	
1991	1	39	
1992	2	39	
1993	3	39	
1994	4	39	
1995	5	39	
1996	6	39	
1997	7	39	
1998	8	39	
1999	9	39	
2000	10	39	
2001	11	39	
2002	12	39	
2003	13	39	
2004	14	39	
2005	15	39	
2006	16	39	
2007	17	39	
2008	18	39	
2009	19	39	
2010	20	39	
2011	21	39	
2012	22	39	
2013	23	39	
2014	24	39	
2015	25	39	
2016	26	39	
2017	27	39	
2018	28	39	
2019	29	39	
2020	30	39	
2021	31	39	
2022	32	39	
2023	33	39	
2024	34	39	
2025	35	39	
2026	36	39	
2027	37	39	
2028	38	39	
2029	39	39	
2030	40	39	
2031	41	39	
2032	42	39	
2033	43	39	
2034	44	39	
2035	45	39	
2036	46	39	
2037	47	39	
2038	48	39	
2039	49	39	
2040	50	39	
2041	0	40	
2042	1	40	
2043	2	40	
2044	3	40	
2045	4	40	
2046	5	40	
2047	6	40	
2048	7	40	
2049	8	40	
2050	9	40	
2051	10	40	
2052	11	40	
2053	12	40	
2054	13	40	
2055	14	40	
2056	15	40	
2057	16	40	
2058	17	40	
2059	18	40	
2060	19	40	
2061	20	40	
2062	21	40	
2063	22	40	
2064	23	40	
2065	24	40	
2066	25	40	
2067	26	40	
2068	27	40	
2069	28	40	
2070	29	40	
2071	30	40	
2072	31	40	
2073	32	40	
2074	33	40	
2075	34	40	
2076	35	40	
2077	36	40	
2078	37	40	
2079	38	40	
2080	39	40	
2081	40	40	
2082	41	40	
2083	42	40	
2084	43	40	
2085	44	40	
2086	45	40	
2087	46	40	
2088	47	40	
2089	48	40	
2090	49	40	
2091	50	40	
2092	0	41	
2093	1	41	
2094	2	41	
2095	3	41	
2096	4	41	
2097	5	41	
2098	6	41	
2099	7	41	
2100	8	41	
2101	9	41	
2102	10	41	
2103	11	41	
2104	12	41	
2105	13	41	
2106	14	41	
2107	15	41	
2108	16	41	
2109	17	41	
2110	18	41	
2111	19	41	
2112	20	41	
2113	21	41	
2114	22	41	
2115	23	41	
2116	24	41	
2117	25	41	
2118	26	41	
2119	27	41	
2120	28	41	
2121	29	41	
2122	30	41	
2123	31	41	
2124	32	41	
2125	33	41	
2126	34	41	
2127	35	41	
2128	36	41	
2129	37	41	
2130	38	41	
2131	39	41	
2132	40	41	
2133	41	41	
2134	42	41	
2135	43	41	
2136	44	41	
2137	45	41	
2138	46	41	
2139	47	41	
2140	48	41	
2141	49	41	
2142	50	41	
2143	0	42	
2144	1	42	
2145	2	42	
2146	3	42	
2147	4	42	
2148	5	42	
2149	6	42	
2150	7	42	
2151	8	42	
2152	9	42	
2153	10	42	
2154	11	42	
2155	12	42	
2156	13	42	
2157	14	42	
2158	15	42	
2159	16	42	
2160	17	42	
2161	18	42	
2162	19	42	
2163	20	42	
2164	21	42	
2165	22	42	
2166	23	42	
2167	24	42	
2168	25	42	
2169	26	42	
2170	27	42	
2171	28	42	
2172	29	42	
2173	30	42	
2174	31	42	
2175	32	42	
2176	33	42	
2177	34	42	
2178	35	42	
2179	36	42	
2180	37	42	
2181	38	42	
2182	39	42	
2183	40	42	
2184	41	42	
2185	42	42	
2186	43	42	
2187	44	42	
2188	45	42	
2189	46	42	
2190	47	42	
2191	48	42	
2192	49	42	
2193	50	42	
2194	0	43	
2195	1	43	
2196	2	43	
2197	3	43	
2198	4	43	
2199	5	43	
2200	6	43	
2201	7	43	
2202	8	43	
2203	9	43	
2204	10	43	
2205	11	43	
2206	12	43	
2207	13	43	
2208	14	43	
2209	15	43	
2210	16	43	
2211	17	43	
2212	18	43	
2213	19	43	
2214	20	43	
2215	21	43	
2216	22	43	
2217	23	43	
2218	24	43	
2219	25	43	
2220	26	43	
2221	27	43	
2222	28	43	
2223	29	43	
2224	30	43	
2225	31	43	
2226	32	43	
2227	33	43	
2228	34	43	
2229	35	43	
2230	36	43	
2231	37	43	
2232	38	43	
2233	39	43	
2234	40	43	
2235	41	43	
2236	42	43	
2237	43	43	
2238	44	43	
2239	45	43	
2240	46	43	
2241	47	43	
2242	48	43	
2243	49	43	
2244	50	43	
2245	0	44	
2246	1	44	
2247	2	44	
2248	3	44	
2249	4	44	
2250	5	44	
2251	6	44	
2252	7	44	
2253	8	44	
2254	9	44	
2255	10	44	
2256	11	44	
2257	12	44	
2258	13	44	
2259	14	44	
2260	15	44	
2261	16	44	
2262	17	44	
2263	18	44	
2264	19	44	
2265	20	44	
2266	21	44	
2267	22	44	
2268	23	44	
2269	24	44	
2270	25	44	
2271	26	44	
2272	27	44	
2273	28	44	
2274	29	44	
2275	30	44	
2276	31	44	
2277	32	44	
2278	33	44	
2279	34	44	
2280	35	44	
2281	36	44	
2282	37	44	
2283	38	44	
2284	39	44	
2285	40	44	
2286	41	44	
2287	42	44	
2288	43	44	
2289	44	44	
2290	45	44	
2291	46	44	
2292	47	44	
2293	48	44	
2294	49	44	
2295	50	44	
2296	0	45	
2297	1	45	
2298	2	45	
2299	3	45	
2300	4	45	
2301	5	45	
2302	6	45	
2303	7	45	
2304	8	45	
2305	9	45	
2306	10	45	
2307	11	45	
2308	12	45	
2309	13	45	
2310	14	45	
2311	15	45	
2312	16	45	
2313	17	45	
2314	18	45	
2315	19	45	
2316	20	45	
2317	21	45	
2318	22	45	
2319	23	45	
2320	24	45	
2321	25	45	
2322	26	45	
2323	27	45	
2324	28	45	
2325	29	45	
2326	30	45	
2327	31	45	
2328	32	45	
2329	33	45	
2330	34	45	
2331	35	45	
2332	36	45	
2333	37	45	
2334	38	45	
2335	39	45	
2336	40	45	
2337	41	45	
2338	42	45	
2339	43	45	
2340	44	45	
2341	45	45	
2342	46	45	
2343	47	45	
2344	48	45	
2345	49	45	
2346	50	45	
2347	0	46	
2348	1	46	
2349	2	46	
2350	3	46	
2351	4	46	
2352	5	46	
2353	6	46	
2354	7	46	
2355	8	46	
2356	9	46	
2357	10	46	
2358	11	46	
2359	12	46	
2360	13	46	
2361	14	46	
2362	15	46	
2363	16	46	
2364	17	46	
2365	18	46	
2366	19	46	
2367	20	46	
2368	21	46	
2369	22	46	
2370	23	46	
2371	24	46	
2372	25	46	
2373	26	46	
2374	27	46	
2375	28	46	
2376	29	46	
2377	30	46	
2378	31	46	
2379	32	46	
2380	33	46	
2381	34	46	
2382	35	46	
2383	36	46	
2384	37	46	
2385	38	46	
2386	39	46	
2387	40	46	
2388	41	46	
2389	42	46	
2390	43	46	
2391	44	46	
2392	45	46	
2393	46	46	
2394	47	46	
2395	48	46	
2396	49	46	
2397	50	46	
2398	0	47	
2399	1	47	
2400	2	47	
2401	3	47	
2402	4	47	
2403	5	47	
2404	6	47	
2405	7	47	
2406	8	47	
2407	9	47	
2408	10	47	
2409	11	47	
2410	12	47	
2411	13	47	
2412	14	47	
2413	15	47	
2414	16	47	
2415	17	47	
2416	18	47	
2417	19	47	
2418	20	47	
2419	21	47	
2420	22	47	
2421	23	47	
2422	24	47	
2423	25	47	
2424	26	47	
2425	27	47	
2426	28	47	
2427	29	47	
2428	30	47	
2429	31	47	
2430	32	47	
2431	33	47	
2432	34	47	
2433	35	47	
2434	36	47	
2435	37	47	
2436	38	47	
2437	39	47	
2438	40	47	
2439	41	47	
2440	42	47	
2441	43	47	
2442	44	47	
2443	45	47	
2444	46	47	
2445	47	47	
2446	48	47	
2447	49	47	
2448	50	47	
2449	0	48	
2450	1	48	
2451	2	48	
2452	3	48	
2453	4	48	
2454	5	48	
2455	6	48	
2456	7	48	
2457	8	48	
2458	9	48	
2459	10	48	
2460	11	48	
2461	12	48	
2462	13	48	
2463	14	48	
2464	15	48	
2465	16	48	
2466	17	48	
2467	18	48	
2468	19	48	
2469	20	48	
2470	21	48	
2471	22	48	
2472	23	48	
2473	24	48	
2474	25	48	
2475	26	48	
2476	27	48	
2477	28	48	
2478	29	48	
2479	30	48	
2480	31	48	
2481	32	48	
2482	33	48	
2483	34	48	
2484	35	48	
2485	36	48	
2486	37	48	
2487	38	48	
2488	39	48	
2489	40	48	
2490	41	48	
2491	42	48	
2492	43	48	
2493	44	48	
2494	45	48	
2495	46	48	
2496	47	48	
2497	48	48	
2498	49	48	
2499	50	48	
2500	0	49	
2501	1	49	
2502	2	49	
2503	3	49	
2504	4	49	
2505	5	49	
2506	6	49	
2507	7	49	
2508	8	49	
2509	9	49	
2510	10	49	
2511	11	49	
2512	12	49	
2513	13	49	
2514	14	49	
2515	15	49	
2516	16	49	
2517	17	49	
2518	18	49	
2519	19	49	
2520	20	49	
2521	21	49	
2522	22	49	
2523	23	49	
2524	24	49	
2525	25	49	
2526	26	49	
2527	27	49	
2528	28	49	
2529	29	49	
2530	30	49	
2531	31	49	
2532	32	49	
2533	33	49	
2534	34	49	
2535	35	49	
2536	36	49	
2537	37	49	
2538	38	49	
2539	39	49	
2540	40	49	
2541	41	49	
2542	42	49	
2543	43	49	
2544	44	49	
2545	45	49	
2546	46	49	
2547	47	49	
2548	48	49	
2549	49	49	
2550	50	49	
2551	0	50	
2552	1	50	
2553	2	50	
2554	3	50	
2555	4	50	
2556	5	50	
2557	6	50	
2558	7	50	
2559	8	50	
2560	9	50	
2561	10	50	
2562	11	50	
2563	12	50	
2564	13	50	
2565	14	50	
2566	15	50	
2567	16	50	
2568	17	50	
2569	18	50	
2570	19	50	
2571	20	50	
2572	21	50	
2573	22	50	
2574	23	50	
2575	24	50	
2576	25	50	
2577	26	50	
2578	27	50	
2579	28	50	
2580	29	50	
2581	30	50	
2582	31	50	
2583	32	50	
2584	33	50	
2585	34	50	
2586	35	50	
2587	36	50	
2588	37	50	
2589	38	50	
2590	39	50	
2591	40	50	
2592	41	50	
2593	42	50	
2594	43	50	
2595	44	50	
2596	45	50	
2597	46	50	
2598	47	50	
2599	48	50	
2600	49	50	
2601	50	50	
